Средние значения по 40 измерениям для разных соотношений площадь под пустотами/вся площадь (от 0.01 до 0.99)
10

18

20

26

32

33

35

35

31

39

32

32

38

35

38

36

33

37

40

38

40

30

28

31

36

34

29

28

30

25

42

34

34

33

27

28

33

26

39

34

30

28

30

36

28

26

22

27

23

18

20

19

24

26

21

18

16

18

13

12

15

22

10

10

8

9

8

8

5

7

4

4

4

4

2

4

3

6

7

1

4

5

2

1

1

1

3

1

1

1

2

1

1

1

1

1

1

1

1

Process finished with exit code 0
